0	0.0404199999999992
0.05	-0.0504800000000003
0.1	-0.0141800000000005
0.15	-0.12328
0.2	0.14952
0.25	0.0950199999999999
0.3	0.00401999999999969
0.35	-0.0868800000000007
0.4	-0.0141800000000005
0.45	0.0586199999999995
0.5	-0.10508
0.55	-0.25058
0.6	-0.19608
0.65	-0.305180000000001
0.7	-0.0868800000000007
0.75	-0.14148
0.8	0.13132
0.85	-0.26878
0.9	-0.0141800000000005
0.95	-0.10508
1	-0.25058
1.05	-0.0868800000000007
1.1	0.13132
1.15	0.00401999999999969
1.2	-0.12328
1.25	-0.39608
1.3	-0.25058
1.35	-0.0141800000000005
1.4	-0.25058
1.45	-0.32338
1.5	-0.32338
1.55	-0.19608
1.6	-0.159680000000001
1.65	-0.14148
1.7	-0.12328
1.75	-0.14148
1.8	-0.23238
1.85	-0.159680000000001
1.9	-0.25058
1.95	-0.19608
2	-0.286980000000001
2.05	0.49512
2.1	0.49512
2.15	-0.17788
2.2	-0.450680000000001
2.25	-0.0868800000000007
2.3	0.14952
2.35	-0.0504800000000003
2.4	0.00401999999999969
2.45	-0.12328
2.5	-0.286980000000001
2.55	-0.19608
2.6	-0.32338
2.65	-0.25058
2.7	-0.0141800000000005
2.75	-0.286980000000001
2.8	-0.17788
2.85	-0.0504800000000003
2.9	-0.26878
2.95	0.00401999999999969
3	-0.34158
3.05	-0.32338
3.1	-0.25058
3.15	-0.19608
3.2	-0.214180000000001
3.25	0.00401999999999969
3.3	-0.0504800000000003
3.35	-0.0504800000000003
3.4	-0.26878
3.45	0.0768199999999997
3.5	0.36782
3.55	0.14952
3.6	-0.0504800000000003
3.65	0.0768199999999997
3.7	-0.0322800000000001
3.75	-0.0868800000000007
3.8	-0.0141800000000005
3.85	0.00401999999999969
3.9	-0.0504800000000003
3.95	-0.0686800000000005
4	-0.0322800000000001
4.05	-0.0504800000000003
4.1	-0.12328
4.15	-0.23238
4.2	0.0768199999999997
4.25	0.0586199999999995
4.3	-0.0686800000000005
4.35	-0.12328
4.4	-0.10508
4.45	-0.14148
4.5	-0.23238
4.55	-0.305180000000001
4.6	-0.25058
4.65	-0.34158
4.7	-0.286980000000001
4.75	-0.614380000000001
4.8	-0.39608
4.85	-0.46888
4.9	-0.34158
4.95	-0.57798
5	-0.668980000000001
5.05	-0.505280000000001
5.1	-0.523480000000001
5.15	-0.632580000000001
5.2	-0.65078
5.25	-0.559880000000001
5.3	-0.687180000000001
5.35	-0.85088
5.4	-0.832680000000001
5.45	-0.94188
5.5	-0.92368
5.55	-0.99638
5.6	-1.03278
5.65	-1.06918
5.7	-1.26928
5.75	-0.959980000000001
5.8	-1.14188
5.85	-1.36018
5.9	-1.25108
5.95	-1.23288
6	-1.39658
6.05	-1.39658
6.1	-1.50568
6.15	-1.43298
6.2	-1.43298
6.25	-1.61488
6.3	-1.37838
6.35	-1.37838
6.4	-1.56028
6.45	-1.43298
6.5	-1.72398
6.55	-1.90588
6.6	-2.23328
6.65	-2.14238
6.7	-2.77898
6.75	-2.63348
6.8	-3.03368
6.85	-2.79718
6.9	-3.21558
6.95	-3.32468
7	-3.25198
7.05	-3.88858
7.1	-3.96138
7.15	-4.03418
7.2	-4.30698
7.25	-4.23428
7.3	-3.97958
7.35	-4.28878
7.4	-4.30698
7.45	-4.81628
7.5	-4.88928
7.55	-5.30728
7.6	-5.65328
7.65	-5.38028
7.7	-6.03528
7.75	-6.65328
7.8	-6.74428
7.85	-6.90828
7.9	-7.23528
7.95	-7.78128
8	-7.85428
8.05	-8.21728
8.1	-8.56328
8.15	-9.27328
8.2	-9.58228
8.25	-9.47328
8.3	-10.01828
8.35	-10.38228
8.4	-10.92828
8.45	-11.74628
8.5	-11.78328
8.55	-12.78328
8.6	-14.23828
8.65	-14.91228
8.7	-15.63928
8.75	-16.23928
8.8	-16.58528
8.85	-17.96728
8.9	-18.91328
8.95	-20.11428
9	-20.96928
9.05	-22.29728
9.1	-23.42428
9.15	-24.80728
9.2	-26.49928
9.25	-27.29928
9.3	-30.06428
9.35	-30.82828
9.4	-33.81128
9.45	-35.86628
9.5	-37.72228
9.55	-40.97828
9.6	-43.88828
9.65	-45.72528
9.7	-48.83628
9.75	-50.36428
9.8	-54.67528
9.85	-59.76828
9.9	-60.38628
9.95	-65.17028
10	-68.11728
10.05	-69.04528
10.1	-66.09828
10.15	-61.47828
10.2	-47.56328
10.25	-29.51828
10.3	-1.43298
10.35	36.12972
10.4	89.26272
10.45	154.07372
10.5	209.77372
10.55	267.36372
10.6	320.14372
10.65	365.80372
10.7	385.52372
10.75	396.87372
10.8	379.72372
10.85	351.65372
10.9	317.80372
10.95	258.12372
11	200.04372
11.05	132.10372
11.1	72.87272
11.15	29.36272
11.2	-4.99828
11.25	-24.11628
11.3	-32.92028
11.35	-33.33828
11.4	-29.55428
11.45	-24.69828
11.5	-23.31528
11.55	-24.53428
11.6	-28.40828
11.65	-33.82928
11.7	-38.77728
11.75	-43.59728
11.8	-46.34428
11.85	-47.99928
11.9	-50.87328
11.95	-48.30828
12	-47.52628
12.05	-45.52528
12.1	-42.92428
12.15	-41.46928
12.2	-40.25028
12.25	-41.30528
12.3	-42.61528
12.35	-44.77928
12.4	-49.94528
12.45	-53.31028
12.5	-51.18228
12.55	-50.90928
12.6	-48.90828
12.65	-43.34228
12.7	-40.10528
12.75	-34.10228
12.8	-30.86428
12.85	-27.09928
12.9	-25.55328
12.95	-24.89828
13	-25.84428
13.05	-27.77228
13.1	-29.95528
13.15	-33.35628
13.2	-34.66628
13.25	-35.37528
13.3	-34.46628
13.35	-33.42928
13.4	-31.79228
13.45	-30.37328
13.5	-29.90028
13.55	-28.99128
13.6	-27.15328
13.65	-24.86128
13.7	-25.11628
13.75	-22.76928
13.8	-21.02328
13.85	-20.84128
13.9	-21.13228
13.95	-21.47828
14	-24.18828
14.05	-26.09828
14.1	-29.04528
14.15	-31.19128
14.2	-33.26528
14.25	-34.44828
14.3	-35.28428
14.35	-34.15628
14.4	-33.68428
14.45	-29.17228
14.5	-26.95328
14.55	-21.96928
14.6	-20.22328
14.65	-18.47728
14.7	-19.02228
14.75	-19.95028
14.8	-21.33328
14.85	-22.31528
14.9	-23.46128
14.95	-25.68028
15	-26.46228
15.05	-25.38928
15.1	-23.80628
15.15	-22.06028
15.2	-18.25828
15.25	-13.76528
15.3	-11.25528
15.35	-9.61828
15.4	-9.23628
15.45	-9.65528
15.5	-9.80028
15.55	-11.18328
15.6	-11.12828
15.65	-11.31028
15.7	-11.43728
15.75	-11.98328
15.8	-12.09228
15.85	-12.85628
15.9	-13.60228
15.95	-14.56628
16	-14.03828
16.05	-13.18328
16.1	-12.18328
16.15	-11.21928
16.2	-9.69128
16.25	-8.41828
16.3	-7.54528
16.35	-6.19928
16.4	-4.25238
16.45	-2.63348
16.5	-1.23288
16.55	-0.905480000000001
16.6	-0.759980000000001
16.65	-1.05098
16.7	-1.01458
16.75	-1.08738
16.8	-0.414280000000001
16.85	0.167719999999999
16.9	0.113219999999999
16.95	0.240519999999999
17	-0.0141800000000005
17.05	-0.17788
17.1	0.167719999999999
17.15	0.513319999999999
17.2	1.13182
17.25	1.95042
17.3	3.02362
17.35	4.04222
17.4	5.24277
17.45	6.24322
17.5	7.24362
17.55	7.91672
17.6	8.31692
17.65	8.31692
17.7	7.57112
17.75	6.49792
17.8	5.51562
17.85	4.87897
17.9	5.07906
17.95	5.71571
18	6.87992
18.05	8.37142
18.1	9.51742
18.15	10.09952
18.2	10.95442
18.25	11.57292
18.3	12.26412
18.35	12.70062
18.4	12.84622
18.45	12.53692
18.5	12.02762
18.55	11.44552
18.6	11.17272
18.65	11.88212
18.7	12.37322
18.75	13.64652
18.8	13.73752
18.85	13.31912
18.9	12.79162
18.95	12.57332
19	12.50052
19.05	12.50052
19.1	13.08262
19.15	13.35552
19.2	13.64652
19.25	13.88302
19.3	13.88302
19.35	14.10132
19.4	14.68342
19.45	14.90172
19.5	14.66522
19.55	13.61012
19.6	11.64562
19.65	9.49922
19.7	7.55292
19.75	5.9158
19.8	4.62431
19.85	3.96952
19.9	3.73302
19.95	3.95132
20	4.73345
20.05	6.11589
20.1	7.40742
20.15	8.97172
20.2	10.22682
20.25	11.09992
20.3	11.55472
20.35	11.86392
20.4	11.97312
20.45	11.51832
20.5	11.30002
20.55	10.44512
20.6	9.19002
20.65	7.93492
20.7	6.71612
20.75	5.71571
20.8	5.31553
20.85	5.29734
20.9	5.47924
20.95	5.62476
21	5.66114
21.05	5.66114
21.1	5.38829
21.15	4.95173
21.2	5.02449
21.25	5.20639
21.3	5.35191
21.35	4.18772
21.4	3.24182
21.45	2.24142
21.5	1.47742
21.55	1.11362
21.6	1.16822
21.65	1.58662
21.7	1.96852
21.75	2.53242
21.8	3.04182
21.85	3.33282
21.9	3.67842
21.95	4.4606
22	4.98811
22.05	5.71571
22.1	6.47972
22.15	7.20732
22.2	8.11682
22.25	8.93532
22.3	9.08082
22.35	8.73522
22.4	7.95312
22.45	6.73432
22.5	5.13363
22.55	3.62382
22.6	1.75032
22.65	-0.19608
22.7	-1.76038
22.75	-2.72448
22.8	-2.72448
22.85	-1.63308
22.9	-0.25058
22.95	1.67752
23	3.58752
23.05	5.04268
23.1	5.77028
23.15	5.7339
23.2	5.04268
23.25	3.71482
23.3	1.76852
23.35	-0.414280000000001
23.4	-2.63348
23.45	-4.81628
23.5	-6.28928
23.55	-6.63528
23.6	-5.92628
23.65	-4.47068
23.7	-2.86998
23.75	-1.10558
23.8	0.40422
23.85	1.47742
23.9	1.85942
23.95	2.04132
24	2.31422
24.05	2.04132
24.1	1.75032
24.15	1.05912
24.2	0.34962
24.25	-0.377980000000001
24.3	-1.39658
24.35	-1.83308
24.4	-1.88768
24.45	-2.14238
24.5	-2.12418
24.55	-1.94228
24.6	-1.83308
24.65	-0.814480000000001
24.7	0.386019999999999
24.75	2.07772
24.8	3.38742
24.85	4.33322
24.9	4.53336
24.95	3.93312
25	2.65982
25.05	0.84082
25.1	-1.54208
25.15	-3.54298
25.2	-5.08928
25.25	-5.52528
25.3	-5.45328
25.35	-4.94328
25.4	-3.45198
25.45	-1.77858
25.5	0.27692
25.55	2.40512
25.6	4.80621
25.65	6.44332
25.7	7.93492
25.75	8.71702
25.8	9.69932
25.85	9.95402
25.9	9.82662
25.95	9.29912
26	8.18952
26.05	6.58882
26.1	4.86078
26.15	3.26002
26.2	1.36832
26.25	-0.17788
26.3	-1.06918
26.35	-0.887280000000001
26.4	-0.26878
26.45	1.56842
26.5	4.27872
26.55	6.62522
26.6	7.46192
26.65	8.11682
26.7	7.58932
26.75	5.9158
26.8	2.93262
26.85	-0.905480000000001
26.9	-3.65208
26.95	-5.67128
27	-7.36328
27.05	-7.94528
27.1	-7.12628
27.15	-5.96228
27.2	-3.32468
27.25	-0.57798
27.3	2.16862
27.35	5.13363
27.4	7.18912
27.45	8.13502
27.5	8.06222
27.55	7.02542
27.6	5.26096
27.65	2.93262
27.7	0.931719999999999
27.75	-0.85088
27.8	-2.05138
27.85	-3.01548
27.9	-4.34338
27.95	-4.74328
28	-5.68928
28.05	-5.28928
28.1	-4.67028
28.15	-3.47018
28.2	-1.85128
28.25	-0.0322800000000001
28.3	1.65932
28.35	2.84172
28.4	3.55112
28.45	3.44192
28.5	3.09632
28.55	1.96852
28.6	0.167719999999999
28.65	-1.34198
28.7	-3.39748
28.75	-4.43428
28.8	-6.01728
28.85	-6.16228
28.9	-5.94428
28.95	-4.47068
29	-2.57888
29.05	-0.99638
29.1	1.04092
29.15	2.55062
29.2	3.38742
29.25	4.20592
29.3	4.27872
29.35	4.11502
29.4	3.47832
29.45	2.33232
29.5	1.44102
29.55	0.458819999999999
29.6	-0.559880000000001
29.65	-1.28748
29.7	-2.03318
29.75	-2.34248
29.8	-2.63348
29.85	-2.54258
29.9	-2.37888
29.95	-2.05138
30	-0.43248
30.05	0.74982
30.1	1.98672
30.15	2.87802
30.2	2.87802
30.25	2.31422
30.3	0.67702
30.35	-1.26928
30.4	-3.79768
30.45	-6.54428
30.5	-8.90928
30.55	-10.09128
30.6	-10.49128
30.65	-10.14628
30.7	-9.43628
30.75	-8.09028
30.8	-5.76228
30.85	-4.25238
30.9	-1.94228
30.95	-0.72358
31	-0.741780000000001
31.05	-1.32378
31.1	-1.99688
31.15	-2.83358
31.2	-3.10648
31.25	-3.74308
31.3	-3.85218
31.35	-3.39748
31.4	-3.47018
31.45	-3.30648
31.5	-2.70628
31.55	-2.32428
31.6	-2.14238
31.65	-1.74218
31.7	-1.66938
31.75	-1.61488
31.8	-1.61488
31.85	-1.23288
31.9	-1.43298
31.95	-1.61488
32	-1.68758
32.05	-2.03318
32.1	-2.05138
32.15	-1.97868
32.2	-2.01498
32.25	-1.50568
32.3	-0.85088
32.35	0.14952
32.4	1.40472
32.45	2.73252
32.5	3.71482
32.55	4.55155
32.6	5.11544
32.65	5.51562
32.7	5.78847
32.75	5.9158
32.8	5.9158
32.85	5.87942
32.9	5.86123
32.95	5.87942
33	5.89761
33.05	5.75209
33.1	5.49743
33.15	5.24277
33.2	4.95173
33.25	4.26052
33.3	3.64202
33.35	3.16912
33.4	2.73252
33.45	2.40512
33.5	2.18682
33.55	2.15042
33.6	2.00492
33.65	2.24142
33.7	2.47792
33.75	1.71392
33.8	0.94992
33.85	-0.12328
33.9	-1.70578
33.95	-3.28828
34	-4.57988
34.05	-4.65258
34.1	-5.27128
34.15	-5.23428
34.2	-3.97958
34.25	-3.85218
34.3	-3.48838
34.35	-2.92458
34.4	-1.77858
34.45	-1.79678
34.5	-2.01498
34.55	-2.14238
34.6	-2.25148
34.65	-3.03368
34.7	-2.37888
34.75	-2.21508
34.8	-1.52388
34.85	-0.23238
34.9	0.458819999999999
34.95	0.986319999999999
35	1.98672
35.05	2.51432
35.1	2.73252
35.15	2.76892
35.2	2.20502
35.25	1.65932
35.3	0.731619999999999
35.35	0.14952
35.4	-0.0141800000000005
35.45	-0.614380000000001
35.5	-1.26928
35.55	-2.70628
35.6	-3.54298
35.65	-4.21608
35.7	-4.17968
35.75	-3.88858
35.8	-3.45198
35.85	-2.83358
35.9	-2.43338
35.95	-1.81498
36	-1.41478
36.05	-1.39658
36.1	-1.32378
36.15	-2.05138
36.2	-2.05138
36.25	-2.01498
36.3	-1.85128
36.35	-1.36018
36.4	-0.705380000000001
36.45	0.27692
36.5	1.35012
36.55	2.71432
36.6	4.15132
36.65	5.49743
36.7	6.42512
36.75	6.66162
36.8	6.44332
36.85	5.552
36.9	4.53336
36.95	3.35102
37	2.44152
37.05	1.91402
37.1	1.40472
37.15	1.22282
37.2	0.96812
37.25	0.731619999999999
37.3	0.64072
37.35	0.22232
37.4	0.0222199999999999
37.45	-0.0141800000000005
37.5	0.713419999999999
37.55	1.38652
37.6	1.82302
37.65	2.04132
37.7	2.65982
37.75	2.73252
37.8	2.78712
37.85	2.87802
37.9	2.53242
37.95	2.00492
38	1.29552
38.05	0.567919999999999
38.1	-0.0141800000000005
38.15	-0.523480000000001
38.2	-0.85088
38.25	-0.705380000000001
38.3	0.240519999999999
38.35	0.96812
38.4	1.89582
38.45	3.09632
38.5	4.09682
38.55	4.91535
38.6	5.38829
38.65	5.33372
38.7	4.91535
38.75	3.95132
38.8	2.82352
38.85	1.35012
38.9	-0.0322800000000001
38.95	-1.21468
39	-2.05138
39.05	-2.23328
39.1	-2.36068
39.15	-1.37838
39.2	-0.59618
39.25	0.64072
39.3	2.05952
39.35	3.15092
39.4	4.11502
39.45	4.58793
39.5	4.42422
39.55	4.00582
39.6	2.89622
39.65	1.64112
39.7	0.34962
39.75	-0.79628
39.8	-1.65118
39.85	-2.05138
39.9	-1.54208
39.95	-0.887280000000001
40	0.60432
